Time	Ipri_tank
0.00199601	-2.782337674
0.001996015	-2.810468118
0.00199602	-3.056636359
0.001996025	-3.067048738
0.00199603	-2.83649922
0.001996035	-2.819968358
0.00199604	-3.043753793
0.001996045	-3.052633303
0.00199605	-2.799155027
0.001996055	-2.853539399
0.00199606	-2.915511743
0.001996065	-2.91810062
0.00199607	-2.861219002
0.001996075	-2.803840516
0.00199608	-2.74580924
0.001996085	-2.687140636
0.00199609	-2.627850449
0.001996095	-2.567954425
0.0019961	-2.507468537
0.001996105	-2.446408871
0.00199611	-2.384791514
0.001996115	-2.322632895
0.00199612	-2.259949326
0.001996125	-2.196757464
0.00199613	-2.133073735
0.001996135	-2.06891491
0.00199614	-2.004297926
0.001996145	-1.939239553
0.00199615	-1.873756901
0.001996155	-1.807866909
0.00199616	-1.741586743
0.001996165	-1.674933685
0.00199617	-1.607924958
0.001996175	-1.540578012
0.00199618	-1.472910185
0.001996185	-1.404938871
0.00199619	-1.336681635
0.001996195	-1.268156097
0.0019962	-1.199379824
0.001996205	-1.130370322
0.00199621	-1.061145383
0.001996215	-0.991722629
0.00199622	-0.922119796
0.001996225	-0.852354674
0.00199623	-0.782444886
0.001996235	-0.71240828
0.00199624	-0.642262592
0.001996245	-0.572025556
0.00199625	-0.501714851
0.001996255	-0.431348326
0.00199626	-0.360943602
0.001996265	-0.290518528
0.00199627	-0.220090726
0.001996275	-0.14967776
0.00199628	-0.079297365
0.001996285	-0.008967106
0.00199629	0.061295509
0.001996295	0.131472916
0.0019963	0.201547721
0.001996305	0.271502415
0.00199631	0.341319776
0.001996315	0.410982523
0.00199632	0.480473375
0.001996325	0.549775166
0.00199633	0.618870899
0.001996335	0.687743579
0.00199634	0.756376267
0.001996345	0.824752135
0.00199635	0.89285453
0.001996355	0.960666739
0.00199636	1.028172221
0.001996365	1.095354662
0.00199637	1.162197691
0.001996375	1.228684994
0.00199638	1.294800654
0.001996385	1.360528586
0.00199639	1.425852986
0.001996395	1.490758109
0.0019964	1.555228323
0.001996405	1.61924828
0.00199641	1.68280269
0.001996415	1.745876204
0.00199642	1.808453931
0.001996425	1.870520975
0.00199643	1.93206256
0.001996435	1.993064132
0.00199644	2.053511366
0.001996445	2.113389939
0.00199645	2.172685811
0.001996455	2.231384997
0.00199646	2.289473912
0.001996465	2.346938857
0.00199647	2.403766473
0.001996475	2.459943687
0.00199648	2.515457311
0.001996485	2.570294669
0.00199649	2.624443084
0.001996495	2.677890052
0.0019965	2.730623464
0.001996505	2.78263127
0.00199651	2.833901476
0.001996515	2.884422656
0.00199652	2.934183328
0.001996525	2.98317218
0.00199653	3.031378355
0.001996535	3.078791053
0.00199654	3.125399587
0.001996545	3.171193782
0.00199655	3.216163464
0.001996555	3.26029874
0.00199656	3.303590006
0.001996565	3.346027654
0.00199657	3.387602646
0.001996575	3.428305945
0.00199658	3.468128853
0.001996585	3.5070629
0.00199659	3.545099673
0.001996595	3.582231443
0.0019966	3.618450137
0.001996605	3.653748365
0.00199661	3.688118795
0.001996615	3.721554492
0.00199662	3.754048578
0.001996625	3.785594458
0.00199663	3.816185995
0.001996635	3.845817048
0.00199664	3.874481877
0.001996645	3.902174967
0.00199665	3.928890976
0.001996655	3.954624901
0.00199666	3.979372025
0.001996665	4.003127799
0.00199667	4.025888018
0.001996675	4.047648702
0.00199668	4.068406042
0.001996685	4.088156743
0.00199669	4.106897393
0.001996695	4.124625207
0.0019967	4.141337456
0.001996705	4.15703164
0.00199671	4.171705768
0.001996715	4.185357795
0.00199672	4.197986129
0.001996725	4.20958952
0.00199673	4.220166659
0.001996735	4.229716865
0.00199674	4.238239512
0.001996745	4.245734203
0.00199675	4.252200938
0.001996755	4.257639887
0.00199676	4.262051618
0.001996765	4.265436701
0.00199677	4.267796157
0.001996775	4.269131352
0.00199678	4.26944365
0.001996785	4.268734813
0.00199679	4.26700683
0.001996795	4.264262031
0.0019968	4.260502919
0.001996805	4.255732335
0.00199681	4.249953179
0.001996815	4.243168803
0.00199682	4.235382676
0.001996825	4.226598605
0.00199683	4.216820685
0.001996835	4.206053006
0.00199684	4.194300288
0.001996845	4.181567135
0.00199685	4.167858606
0.001996855	4.15317993
0.00199686	4.137536564
0.001996865	4.120934307
0.00199687	4.103378956
0.001996875	4.084876764
0.00199688	4.065434155
0.001996885	4.045057779
0.00199689	4.0237544
0.001996895	4.001531181
0.0019969	3.978395455
0.001996905	3.954354668
0.00199691	3.929416607
0.001996915	3.903589231
0.00199692	3.876880726
0.001996925	3.849299503
0.00199693	3.82085409
0.001996935	3.791553297
0.00199694	3.761406219
0.001996945	3.730421952
0.00199695	3.69860993
0.001996955	3.665979762
0.00199696	3.632541222
0.001996965	3.598304318
0.00199697	3.563279108
0.001996975	3.52747611
0.00199698	3.490905726
0.001996985	3.453578699
0.00199699	3.415505944
0.001996995	3.37669843
0.001997	3.337167414
0.001997005	3.093283226
0.00199701	2.782337162
0.001997015	2.810467493
0.00199702	3.056636672
0.001997025	3.067049079
0.00199703	2.836498709
0.001997035	2.819967762
0.00199704	3.043754049
0.001997045	3.052633701
0.00199705	2.799154544
0.001997055	2.853537495
0.00199706	2.91550981
0.001997065	2.918098687
0.00199707	2.861217098
0.001997075	2.80383864
0.00199708	2.745807336
0.001997085	2.68713876
0.00199709	2.627848545
0.001997095	2.567952549
0.0019971	2.507466689
0.001997105	2.446406995
0.00199711	2.384789724
0.001997115	2.322631104
0.00199712	2.259947536
0.001997125	2.196755617
0.00199713	2.133071916
0.001997135	2.068913147
0.00199714	2.004296135
0.001997145	1.939237819
0.00199715	1.87375511
0.001997155	1.807865146
0.00199716	1.74158501
0.001997165	1.67493198
0.00199717	1.607923309
0.001997175	1.540576335
0.00199718	1.47290848
0.001997185	1.404937223
0.00199719	1.336680043
0.001997195	1.268154506
0.0019972	1.199378175
0.001997205	1.13036873
0.00199721	1.06114382
0.001997215	0.991721095
0.00199722	0.922118318
0.001997225	0.852353168
0.00199723	0.782443436
0.001997235	0.71240683
0.00199724	0.642261142
0.001997245	0.572024106
0.00199725	0.50171343
0.001997255	0.431346933
0.00199726	0.360942266
0.001997265	0.290517193
0.00199727	0.220089362
0.001997275	0.149676453
0.00199728	0.079296115
0.001997285	0.008965827
0.00199729	-0.061296731
0.001997295	-0.131474138
0.0019973	-0.201548886
0.001997305	-0.271503609
0.00199731	-0.341320941
0.001997315	-0.410983631
0.00199732	-0.480474455
0.001997325	-0.549776217
0.00199733	-0.618871923
0.001997335	-0.687744574
0.00199734	-0.756377233
0.001997345	-0.824753101
0.00199735	-0.892855439
0.001997355	-0.96066762
0.00199736	-1.028173131
0.001997365	-1.095355515
0.00199737	-1.162198487
0.001997375	-1.228685818
0.00199738	-1.294801422
0.001997385	-1.360529325
0.00199739	-1.425853696
0.001997395	-1.490758763
0.0019974	-1.555229034
0.001997405	-1.619248962
0.00199741	-1.682803259
0.001997415	-1.745876773
0.00199742	-1.808454471
0.001997425	-1.870521487
0.00199743	-1.932063043
0.001997435	-1.993064643
0.00199744	-2.053511793
0.001997445	-2.113390366
0.00199745	-2.17268618
0.001997455	-2.231385366
0.00199746	-2.289474224
0.001997465	-2.346939141
0.00199747	-2.403766757
0.001997475	-2.459943886
0.00199748	-2.515457538
0.001997485	-2.570294839
0.00199749	-2.624443198
0.001997495	-2.677890194
0.0019975	-2.730623549
0.001997505	-2.78263127
0.00199751	-2.833901533
0.001997515	-2.884422656
0.00199752	-2.934183243
0.001997525	-2.983172124
0.00199753	-3.031378242
0.001997535	-3.078790883
0.00199754	-3.125399473
0.001997545	-3.17119364
0.00199755	-3.216163293
0.001997555	-3.260298541
0.00199756	-3.303589722
0.001997565	-3.346027398
0.00199757	-3.387602362
0.001997575	-3.428305661
0.00199758	-3.468128511
0.001997585	-3.507062502
0.00199759	-3.545099304
0.001997595	-3.58223096
0.0019976	-3.618449654
0.001997605	-3.653747882
0.00199761	-3.688118312
0.001997615	-3.721553924
0.00199762	-3.754048009
0.001997625	-3.785593918
0.00199763	-3.816185398
0.001997635	-3.845816451
0.00199764	-3.874481223
0.001997645	-3.902174257
0.00199765	-3.928890237
0.001997655	-3.954624162
0.00199766	-3.979371257
0.001997665	-4.003127003
0.00199767	-4.025887193
0.001997675	-4.047647849
0.00199768	-4.068405218
0.001997685	-4.088155833
0.00199769	-4.106896483
0.001997695	-4.124624269
0.0019977	-4.141336461
0.001997705	-4.157030673
0.00199771	-4.171704774
0.001997715	-4.185356801
0.00199772	-4.197985135
0.001997725	-4.20958844
0.00199773	-4.220165636
0.001997735	-4.229715785
0.00199774	-4.238238375
0.001997745	-4.245733038
0.00199775	-4.252199801
0.001997755	-4.25763875
0.00199776	-4.262050396
0.001997765	-4.265435507
0.00199777	-4.267794964
0.001997775	-4.269130102
0.00199778	-4.269442371
0.001997785	-4.268733505
0.00199779	-4.267005551
0.001997795	-4.264260753
0.0019978	-4.260501669
0.001997805	-4.255731
0.00199781	-4.249951843
0.001997815	-4.24316741
0.00199782	-4.235381283
0.001997825	-4.226597213
0.00199783	-4.216819264
0.001997835	-4.206051642
0.00199784	-4.194298839
0.001997845	-4.181565714
0.00199785	-4.167857156
0.001997855	-4.153178509
0.00199786	-4.137535143
0.001997865	-4.120932829
0.00199787	-4.103377478
0.001997875	-4.084875286
0.00199788	-4.065432677
0.001997885	-4.045056215
0.00199789	-4.023752865
0.001997895	-4.001529646
0.0019979	-3.978393863
0.001997905	-3.954353105
0.00199791	-3.929415044
0.001997915	-3.903587668
0.00199792	-3.876879163
0.001997925	-3.849297912
0.00199793	-3.820852498
0.001997935	-3.791551734
0.00199794	-3.761404628
0.001997945	-3.73042036
0.00199795	-3.698608339
0.001997955	-3.665978141
0.00199796	-3.632539602
0.001997965	-3.598302698
0.00199797	-3.563277517
0.001997975	-3.52747449
0.00199798	-3.490904106
0.001997985	-3.453577108
0.00199799	-3.415504295
0.001997995	-3.37669681
0.001998	-3.33716585
0.001998005	-3.093282487
0.00199801	-2.782337674
0.001998015	-2.810468089
0.00199802	-3.056636359
0.001998025	-3.067048738
0.00199803	-2.836499164
0.001998035	-2.819968358
0.00199804	-3.043753793
0.001998045	-3.052633247
0.00199805	-2.79915497
0.001998055	-2.853539399
0.00199806	-2.915511686
0.001998065	-2.918100677
0.00199807	-2.861219002
0.001998075	-2.803840516
0.00199808	-2.74580924
0.001998085	-2.687140636
0.00199809	-2.627850449
0.001998095	-2.567954425
0.0019981	-2.507468537
0.001998105	-2.446408871
0.00199811	-2.384791514
0.001998115	-2.322632895
0.00199812	-2.259949326
0.001998125	-2.196757407
0.00199813	-2.133073679
0.001998135	-2.06891491
0.00199814	-2.004297926
0.001998145	-1.939239553
0.00199815	-1.873756787
0.001998155	-1.807866795
0.00199816	-1.741586743
0.001998165	-1.674933685
0.00199817	-1.607924958
0.001998175	-1.540577955
0.00199818	-1.472910128
0.001998185	-1.404938871
0.00199819	-1.336681635
0.001998195	-1.268156097
0.0019982	-1.19937971
0.001998205	-1.130370265
0.00199821	-1.061145383
0.001998215	-0.991722573
0.00199822	-0.922119852
0.001998225	-0.852354674
0.00199823	-0.782444943
0.001998235	-0.71240828
0.00199824	-0.642262535
0.001998245	-0.572025499
0.00199825	-0.501714851
0.001998255	-0.431348326
0.00199826	-0.360943602
0.001998265	-0.290518528
0.00199827	-0.220090669
0.001998275	-0.149677703
0.00199828	-0.079297365
0.001998285	-0.008967049
0.00199829	0.061295566
0.001998295	0.131472973
0.0019983	0.201547664
0.001998305	0.271502472
0.00199831	0.341319833
0.001998315	0.410982523
0.00199832	0.480473318
0.001998325	0.549775166
0.00199833	0.618870899
0.001998335	0.687743579
0.00199834	0.756376267
0.001998345	0.824752192
0.00199835	0.89285453
0.001998355	0.960666739
0.00199836	1.028172221
0.001998365	1.095354662
0.00199837	1.162197691
0.001998375	1.228685051
0.00199838	1.294800654
0.001998385	1.360528586
0.00199839	1.425852986
0.001998395	1.490758052
0.0019984	1.55522838
0.001998405	1.619248337
0.00199841	1.682802633
0.001998415	1.745876261
0.00199842	1.808453931
0.001998425	1.870520975
0.00199843	1.93206256
0.001998435	1.993064188
0.00199844	2.053511423
0.001998445	2.113389996
0.00199845	2.172685811
0.001998455	2.231384997
0.00199846	2.289473912
0.001998465	2.346938857
0.00199847	2.403766473
0.001998475	2.459943687
0.00199848	2.515457311
0.001998485	2.570294669
0.00199849	2.624443084
0.001998495	2.677890052
0.0019985	2.730623464
0.001998505	2.782631213
0.00199851	2.833901476
0.001998515	2.884422656
0.00199852	2.934183328
0.001998525	2.98317218
0.00199853	3.031378299
0.001998535	3.078790996
0.00199854	3.125399587
0.001998545	3.171193839
0.00199855	3.216163464
0.001998555	3.26029874
0.00199856	3.303590006
0.001998565	3.346027654
0.00199857	3.387602646
0.001998575	3.428305945
0.00199858	3.468128909
0.001998585	3.5070629
0.00199859	3.54509973
0.001998595	3.582231386
0.0019986	3.618450137
0.001998605	3.653748308
0.00199861	3.688118795
0.001998615	3.721554492
0.00199862	3.754048521
0.001998625	3.785594515
0.00199863	3.816185995
0.001998635	3.845817105
0.00199864	3.874481877
0.001998645	3.90217491
0.00199865	3.928890919
0.001998655	3.954624844
0.00199866	3.979371968
0.001998665	4.003127799
0.00199867	4.025887961
0.001998675	4.047648645
0.00199868	4.068406099
0.001998685	4.088156686
0.00199869	4.106897393
0.001998695	4.124625207
0.0019987	4.141337399
0.001998705	4.15703164
0.00199871	4.171705712
0.001998715	4.185357795
0.00199872	4.197986129
0.001998725	4.20958952
0.00199873	4.220166716
0.001998735	4.229716865
0.00199874	4.238239455
0.001998745	4.245734146
0.00199875	4.252200938
0.001998755	4.257639887
0.00199876	4.262051561
0.001998765	4.265436701
0.00199877	4.267796214
0.001998775	4.269131296
0.00199878	4.269443593
0.001998785	4.268734756
0.00199879	4.267006773
0.001998795	4.264262031
0.0019988	4.260502976
0.001998805	4.255732335
0.00199881	4.249953179
0.001998815	4.243168746
0.00199882	4.235382619
0.001998825	4.226598605
0.00199883	4.216820685
0.001998835	4.206053063
0.00199884	4.194300232
0.001998845	4.181567135
0.00199885	4.167858606
0.001998855	4.15317993
0.00199886	4.137536621
0.001998865	4.120934307
0.00199887	4.103378956
0.001998875	4.084876764
0.00199888	4.065434155
0.001998885	4.045057722
0.00199889	4.0237544
0.001998895	4.001531181
0.0019989	3.978395398
0.001998905	3.954354668
0.00199891	3.92941655
0.001998915	3.903589175
0.00199892	3.876880726
0.001998925	3.849299446
0.00199893	3.82085409
0.001998935	3.791553297
0.00199894	3.761406219
0.001998945	3.730421952
0.00199895	3.69860993
0.001998955	3.665979762
0.00199896	3.632541222
0.001998965	3.598304261
0.00199897	3.563279108
0.001998975	3.527476053
0.00199898	3.490905669
0.001998985	3.453578699
0.00199899	3.415505887
0.001998995	3.376698373
0.001999	3.33716747
0.001999005	3.093283226
0.00199901	2.782337162
0.001999015	2.810467549
0.00199902	3.056636615
0.001999025	3.067049079
0.00199903	2.836498709
0.001999035	2.819967762
0.00199904	3.043754049
0.001999045	3.052633701
0.00199905	2.799154544
0.001999055	2.853537524
0.00199906	2.915509839
0.001999065	2.918098716
0.00199907	2.861217126
0.001999075	2.803838669
0.00199908	2.745807365
0.001999085	2.687138789
0.00199909	2.627848573
0.001999095	2.567952578
0.0019991	2.507466689
0.001999105	2.446407024
0.00199911	2.384789724
0.001999115	2.322631104
0.00199912	2.259947564
0.001999125	2.196755645
0.00199913	2.133071916
0.001999135	2.068913147
0.00199914	2.004296164
0.001999145	1.939237848
0.00199915	1.873755139
0.001999155	1.807865146
0.00199916	1.741585038
0.001999165	1.67493198
0.00199917	1.607923338
0.001999175	1.540576363
0.00199918	1.472908508
0.001999185	1.404937251
0.00199919	1.336680043
0.001999195	1.268154506
0.0019992	1.199378204
0.001999205	1.13036873
0.00199921	1.06114382
0.001999215	0.991721123
0.00199922	0.922118346
0.001999225	0.852353196
0.00199923	0.782443465
0.001999235	0.712406859
0.00199924	0.64226117
0.001999245	0.572024106
0.00199925	0.501713458
0.001999255	0.431346962
0.00199926	0.360942295
0.001999265	0.290517193
0.00199927	0.22008939
0.001999275	0.149676481
0.00199928	0.079296115
0.001999285	0.008965856
0.00199929	-0.061296731
0.001999295	-0.13147411
0.0019993	-0.201548858
0.001999305	-0.271503581
0.00199931	-0.341320941
0.001999315	-0.410983631
0.00199932	-0.480474398
0.001999325	-0.549776217
0.00199933	-0.618871923
0.001999335	-0.687744574
0.00199934	-0.756377204
0.001999345	-0.824753101
0.00199935	-0.892855439
0.001999355	-0.96066762
0.00199936	-1.028173102
0.001999365	-1.095355515
0.00199937	-1.162198487
0.001999375	-1.22868579
0.00199938	-1.294801393
0.001999385	-1.360529296
0.00199939	-1.425853668
0.001999395	-1.490758791
0.0019994	-1.555229005
0.001999405	-1.619248934
0.00199941	-1.682803259
0.001999415	-1.745876773
0.00199942	-1.808454499
0.001999425	-1.870521487
0.00199943	-1.932063043
0.001999435	-1.993064615
0.00199944	-2.053511793
0.001999445	-2.113390366
0.00199945	-2.17268618
0.001999455	-2.231385395
0.00199946	-2.289474196
0.001999465	-2.346939141
0.00199947	-2.403766757
0.001999475	-2.459943886
0.00199948	-2.51545751
0.001999485	-2.570294868
0.00199949	-2.624443226
0.001999495	-2.677890222
0.0019995	-2.730623549
0.001999505	-2.782631299
0.00199951	-2.833901533
0.001999515	-2.884422656
0.00199952	-2.934183243
0.001999525	-2.983172124
0.00199953	-3.03137827
0.001999535	-3.078790911
0.00199954	-3.125399473
0.001999545	-3.17119364
0.00199955	-3.216163321
0.001999555	-3.260298541
0.00199956	-3.303589722
0.001999565	-3.346027398
0.00199957	-3.387602334
0.001999575	-3.428305632
0.00199958	-3.46812854
0.001999585	-3.507062502
0.00199959	-3.545099304
0.001999595	-3.58223096
0.0019996	-3.618449682
0.001999605	-3.653747854
0.00199961	-3.688118312
0.001999615	-3.721553952
0.00199962	-3.754047981
0.001999625	-3.785593918
0.00199963	-3.816185398
0.001999635	-3.845816451
0.00199964	-3.874481223
0.001999645	-3.902174285
0.00199965	-3.928890237
0.001999655	-3.954624162
0.00199966	-3.979371257
0.001999665	-4.003127003
0.00199967	-4.025887222
0.001999675	-4.047647849
0.00199968	-4.068405218
0.001999685	-4.088155833
0.00199969	-4.106896512
0.001999695	-4.124624269
0.0019997	-4.14133649
0.001999705	-4.157030702
0.00199971	-4.171704774
0.001999715	-4.185356801
0.00199972	-4.197985163
0.001999725	-4.209588468
0.00199973	-4.220165636
0.001999735	-4.229715813
0.00199974	-4.238238375
0.001999745	-4.245733095
0.00199975	-4.252199801
0.001999755	-4.257638778
0.00199976	-4.262050425
0.001999765	-4.265435507
0.00199977	-4.267794992
0.001999775	-4.26913013
0.00199978	-4.269442343
0.001999785	-4.268733534
0.00199979	-4.267005551
0.001999795	-4.264260753
0.0019998	-4.26050164
0.001999805	-4.255731
0.00199981	-4.249951843
0.001999815	-4.243167439
0.00199982	-4.235381311
0.001999825	-4.226597241
0.00199983	-4.216819264
0.001999835	-4.206051642
0.00199984	-4.194298867
0.001999845	-4.181565714
0.00199985	-4.167857185
0.001999855	-4.153178509
0.00199986	-4.137535143
0.001999865	-4.120932829
0.00199987	-4.103377478
0.001999875	-4.084875314
0.00199988	-4.065432648
0.001999885	-4.045056244
0.00199989	-4.023752865
0.001999895	-4.001529675
0.0019999	-3.978393863
0.001999905	-3.954353105
0.00199991	-3.929415044
0.001999915	-3.903587697
0.00199992	-3.876879191
0.001999925	-3.849297912
0.00199993	-3.820852527
0.001999935	-3.791551762
0.00199994	-3.761404628
0.001999945	-3.730420389
0.00199995	-3.698608367
0.001999955	-3.665978198
0.00199996	-3.632539631
0.001999965	-3.598302698
0.00199997	-3.563277545
0.001999975	-3.527474519
0.00199998	-3.490904135
0.001999985	-3.453577108
0.00199999	-3.415504324
0.001999995	-3.376696839
0.002	-3.337165879
